1	1	468
1	2	557
1	3	378
1	4	264
1	5	334
1	6	593
1	7	596
1	8	120
1	9	111
1	10	112
1	11	460
1	12	624
1	13	474
1	14	602
1	15	215
1	16	124
1	17	605
1	18	350
1	19	25
1	20	119
1	21	503
1	22	428
1	23	247
1	24	510
1	25	64
1	26	50
1	27	537
1	28	105
1	29	81
1	30	76
1	31	27
1	32	1064
1	33	308
1	34	337
1	35	659
1	36	648
1	37	394
1	38	43
1	39	294
1	40	696
1	41	331
1	42	271
1	43	124
1	44	140
1	45	111
1	46	173
1	47	322
1	48	695
1	49	311
1	50	102
1	51	798
1	52	740
1	53	485
1	54	611
1	55	520
1	56	288
1	57	832
1	58	115
1	59	274
1	60	62
2	1	462
2	2	583
2	3	523
2	4	420
2	5	157
2	6	544
2	7	624
2	8	505
2	9	112
2	10	649
2	11	182
2	12	175
2	13	191
2	14	28
2	15	679
2	16	147
2	17	60
2	18	429
2	19	673
2	20	440
2	21	432
2	22	75
2	23	124
2	24	229
2	25	510
2	26	161
2	27	182
2	28	176
2	29	807
2	30	796
2	31	930
2	32	806
2	33	541
2	34	1046
2	35	95
2	36	84
2	37	124
2	38	167
2	39	952
2	40	753
2	41	751
2	42	757
2	43	726
2	44	784
2	45	287
2	46	270
2	47	474
2	48	424
2	49	382
2	50	24
2	51	615
2	52	697
2	53	120
2	54	555
2	55	177
2	56	101
2	57	129
2	58	35
2	59	222
2	60	178
2	61	488
2	62	553
2	63	39
2	64	487
2	65	842
2	66	450
2	67	248
2	68	358
2	69	113
2	70	228
2	71	17
2	72	434
2	73	412
2	74	483
2	75	261
2	76	200
2	77	760
2	78	527
2	79	487
2	80	23
3	1	805
3	2	44
3	3	1121
3	4	158
3	5	443
3	6	663
3	7	276
3	8	391
3	9	634
3	10	346
3	11	386
3	12	136
3	13	263
3	14	176
3	15	227
3	16	640
3	17	13
3	18	109
3	19	116
3	20	347
3	21	304
3	22	170
3	23	795
3	24	1059
3	25	752
3	26	696
3	27	19
3	28	226
3	29	944
3	30	760
3	31	760
3	32	639
3	33	876
3	34	167
3	35	66
3	36	624
3	37	839
3	38	114
3	39	595
3	40	299
3	41	365
3	42	373
3	43	184
3	44	175
3	45	114
3	46	177
3	47	190
3	48	129
3	49	244
3	50	158
3	51	119
3	52	76
3	53	93
3	54	48
3	55	245
3	56	91
3	57	225
3	58	252
3	59	595
3	60	281
3	61	588
3	62	496
3	63	508
3	64	798
3	65	802
3	66	7
3	67	697
3	68	322
3	69	78
3	70	770
3	71	54
3	72	58
3	73	329
3	74	364
3	75	622
3	76	17
3	77	611
3	78	778
3	79	505
3	80	159
3	81	667
3	82	875
3	83	818
3	84	818
3	85	804
3	86	192
3	87	231
3	88	2
4	1	114
4	2	749
4	3	423
4	4	1048
4	5	581
4	6	1014
4	7	49
4	8	1108
4	9	779
4	10	625
4	11	482
4	12	654
4	13	426
4	14	961
4	15	265
4	16	696
4	17	691
4	18	749
4	19	451
4	20	122
4	21	119
4	22	113
4	23	206
4	24	125
4	25	200
4	26	160
4	27	146
4	28	126
4	29	137
4	30	183
4	31	117
4	32	177
4	33	124
4	34	171
4	35	332
4	36	518
4	37	466
4	38	1089
4	39	1381
4	40	1121
4	41	789
4	42	1005
4	43	180
4	44	206
4	45	261
4	46	288
4	47	126
4	48	326
4	49	221
4	50	142
4	51	1167
4	52	1093
4	53	978
4	54	425
4	55	1027
4	56	132
4	57	418
4	58	757
4	59	622
4	60	649
4	61	18
4	62	255
4	63	426
4	64	155
4	65	479
4	66	26
4	67	740
4	68	564
4	69	28
4	70	34
4	71	190
4	72	12
4	73	241
5	1	124
5	2	619
5	3	859
5	4	630
5	5	116
5	6	744
5	7	12
5	8	562
5	9	494
5	10	392
5	11	481
5	12	137
5	13	58
5	14	77
5	15	688
5	16	102
5	17	494
5	18	375
5	19	78
5	20	130
5	21	122
5	22	225
5	23	842
5	24	21
5	25	592
5	26	41
5	27	539
5	28	643
5	29	112
5	30	395
5	31	544
5	32	133
5	33	217
5	34	92
5	35	465
5	36	39
5	37	134
5	38	181
5	39	399
5	40	351
5	41	1227
5	42	301
5	43	300
5	45	588
5	46	65
5	47	44
5	48	53
5	49	196
5	50	509
5	51	291
5	52	206
5	53	206
5	54	218
5	55	227
5	56	625
5	57	110
5	58	870
5	59	260
5	60	568
5	61	423
5	62	493
5	63	504
5	64	532
5	65	70
5	66	632
5	67	116
5	68	54
6	1	436
6	2	66
6	3	369
6	4	66
6	5	741
6	6	103
6	7	747
6	8	142
6	9	156
6	10	145
6	11	149
6	12	136
6	13	636
6	14	17
6	15	398
6	16	156
6	17	102
6	18	347
6	19	355
6	20	498
6	21	460
6	22	556
6	23	298
6	24	54
6	25	597
6	26	604
6	27	447
6	28	234
6	29	112
6	30	93
6	31	636
6	32	611
6	33	1438
6	34	1016
6	36	248
6	37	122
6	38	577
6	39	494
6	40	560
6	41	660
6	42	851
6	43	458
6	44	554
6	45	107
6	46	591
6	47	256
6	48	468
6	49	172
6	50	550
6	51	379
6	52	471
6	53	582
6	54	138
6	55	415
6	56	35
7	1	892
7	2	407
7	3	479
7	4	736
7	5	549
7	6	449
7	7	230
7	8	187
7	9	405
7	10	203
7	11	131
7	12	109
7	13	170
7	14	550
7	15	24
7	16	300
7	17	638
7	19	122
7	20	117
7	21	164
7	22	126
7	23	124
7	24	116
7	25	352
7	26	256
7	27	108
7	28	544
7	29	82
7	30	497
7	31	412
7	32	571
7	33	401
7	35	549
7	36	71
7	37	73
7	38	138
7	39	265
7	40	30
7	41	474
7	42	107
7	43	116
7	44	139
7	45	763
7	46	622
7	47	482
7	48	601
7	49	444
7	50	590
7	51	298
7	52	432
7	53	179
7	54	488
7	55	552
7	56	584
7	57	694
7	58	122
7	59	921
8	1	549
8	2	221
8	3	661
8	4	646
8	5	425
8	6	38
8	7	639
8	8	20
8	9	154
8	10	440
8	11	76
8	12	90
8	13	567
8	14	362
8	15	499
8	16	200
8	17	233
8	18	371
8	19	187
8	20	262
8	21	512
8	22	14
8	23	160
8	24	140
8	25	153
8	26	144
8	27	127
8	28	260
8	29	561
8	30	574
8	31	228
8	32	89
8	33	191
8	34	81
8	35	851
8	36	753
8	37	802
8	38	769
8	39	874
8	40	655
8	41	189
8	42	497
8	43	1046
8	44	728
8	45	808
8	46	306
8	47	766
8	48	625
8	49	747
8	50	842
8	51	134
8	52	209
8	53	128
8	54	233
8	55	113
8	56	211
8	57	1062
8	58	80
8	59	99
8	60	630
8	61	749
8	62	947
8	63	789
8	64	46
8	65	914
8	66	197
8	67	904
8	68	137
9	1	598
9	2	685
9	3	497
9	4	427
9	5	356
9	6	912
9	7	867
9	8	678
9	9	725
9	10	674
9	11	923
9	12	635
9	13	678
9	14	292
9	15	356
9	16	519
9	17	145
9	18	344
9	19	294
9	20	860
9	21	214
9	22	796
9	23	866
9	24	783
9	25	697
9	26	720
9	27	450
9	28	69
9	29	372
9	30	573
9	31	676
9	32	286
9	33	503
9	34	853
9	35	714
9	36	657
9	37	749
9	38	902
9	39	583
9	40	301
9	41	712
9	42	673
9	43	293
9	44	455
9	45	80
9	46	21
9	47	1080
9	48	233
9	49	186
9	50	152
9	51	254
9	52	225
10	1	776
10	2	913
10	3	15
10	4	35
10	5	216
10	6	228
10	7	237
10	8	927
10	9	337
10	10	419
10	11	202
10	12	711
10	13	625
10	14	507
10	15	30
10	16	216
10	17	313
10	18	558
10	19	73
10	20	552
10	21	77
10	22	129
10	23	120
10	24	110
10	25	187
10	26	76
10	27	355
10	28	617
10	29	90
10	30	154
10	31	67
10	32	90
10	33	91
10	34	104
10	35	116
10	36	90
10	37	65
10	38	760
10	39	51
10	40	97
10	41	155
10	42	79
10	43	535
10	44	360
10	45	218
10	46	152
10	47	387
10	48	68
10	49	97
10	50	121
10	51	244
10	52	732
10	53	594
10	54	167
10	55	232
10	56	170
10	57	217
10	58	168
10	59	960
10	60	112
10	61	270
10	62	196
10	63	248
10	64	302
10	65	481
10	66	153
10	67	638
10	68	145
10	69	480
10	70	111
10	71	103
10	72	182
10	73	69
10	74	155
10	75	142
10	76	58
10	77	63
10	78	127
10	79	68
10	80	357
10	81	421
10	82	312
10	83	208
10	84	330
10	85	407
10	86	137
10	87	70
10	88	352
10	89	308
10	90	923
10	91	139
10	92	145
10	93	514
10	94	78
10	95	288
11	1	1034
11	2	1158
11	3	15
11	4	529
11	5	554
11	6	773
11	7	13
11	8	1144
11	9	1025
11	10	51
11	11	775
11	12	777
11	13	37
11	14	40
11	15	129
11	16	870
11	17	194
11	18	82
11	19	31
11	20	593
11	21	94
11	22	544
11	23	606
11	24	852
11	25	623
11	26	721
11	27	701
11	28	121
11	29	517
11	30	647
11	31	281
11	32	143
11	33	181
11	34	192
11	35	59
11	36	68
11	37	125
11	38	150
11	39	103
11	40	154
11	41	9
11	42	319
11	43	102
11	44	33
11	45	104
11	46	72
11	47	479
11	48	86
11	49	103
11	50	36
11	51	410
11	52	559
11	53	215
11	54	114
11	55	392
11	56	76
11	57	351
11	58	494
11	59	782
11	60	556
11	61	438
11	62	869
11	63	14
11	64	100
11	65	478
11	66	600
11	67	988
11	69	496
11	70	25
11	71	28
11	72	426
11	73	348
11	74	27
11	75	23
11	76	306
11	77	351
11	78	36
11	79	218
11	80	353
11	81	173
11	82	124
11	83	200
11	84	209
11	85	59
11	86	59
12	1	113
12	2	223
12	3	261
12	4	492
12	5	430
12	6	456
12	7	10
12	8	795
12	9	444
12	10	643
12	11	481
12	12	1051
12	13	882
12	14	172
12	15	215
12	16	321
12	17	162
12	18	500
12	19	684
12	20	110
12	21	142
12	22	1000
12	23	119
12	24	916
12	25	50
12	26	611
12	27	95
12	28	213
12	29	121
12	30	165
12	31	201
12	32	197
12	33	50
12	34	652
12	35	744
12	36	793
12	37	144
12	38	399
12	39	911
12	40	750
12	41	632
12	42	914
12	43	511
12	44	171
12	45	25
12	46	369
12	47	778
12	48	739
12	49	897
12	50	741
12	51	8
12	52	1293
12	53	752
12	54	957
12	55	754
12	56	49
12	57	408
12	58	75
12	59	581
12	60	685
12	61	15
12	62	427
12	63	167
12	64	574
12	65	549
12	66	33
12	67	219
12	68	632
12	69	534
12	70	286
12	71	33
12	72	239
12	73	1047
13	1	271
13	2	134
13	3	118
13	4	136
13	5	183
13	6	149
13	7	81
13	8	140
13	9	110
13	10	106
13	11	59
13	12	119
13	13	810
13	14	218
13	15	262
13	16	31
13	17	34
13	18	189
13	19	795
13	20	839
13	21	187
13	22	153
13	23	160
13	24	170
13	25	152
13	26	768
13	27	135
13	28	232
13	29	1635
13	30	700
13	31	193
13	32	28
13	33	484
13	34	316
13	35	331
13	36	321
13	37	221
13	38	677
13	39	86
13	40	931
13	41	72
13	42	106
13	43	149
13	44	121
13	45	412
13	46	41
13	47	682
13	48	89
13	49	105
13	50	104
13	51	106
13	52	332
13	53	243
13	54	263
13	55	95
13	56	58
13	57	419
13	58	273
13	59	85
13	60	36
13	61	289
13	62	507
13	63	1657
13	64	104
13	65	403
13	66	243
13  67  20
13  68  35
13	69	93
13	70	891
13	71	121
13	72	489
13	73	162
13	74	155
13	75	303
13	76	21
13	77	280
13	78	174
13	79	465
13	80	515
13	81	250
13	82	167
13	83	135
13	84	236
13	85	35
13	86	38
13	87	140
13	88	572
13	89	200
13	90	442
13	91	234
13	92	177
13	93	81
13	94	179
13	95	159
14	1	553
14	2	33
14	3	509
14	4	464
14	5	679
14	6	661
14	7	558
14	8	944
14	9	850
14	10	385
14	11	489
14	12	751
14	13	133
14	14	969
14	15	995
14	16	206
14	17	215
14	18	1047
14	19	654
14	20	684
14	21	61
14	22	591
14	23	711
14	24	879
14	25	756
14	26	586
14	27	805
14	28	165
14	29	982
14	30	1109
14	31	56
14	32	275
14	33	996
14	34	496
14	35	172
14	36	630
14	37	600
14	38	533
14	39	661
14	40	720
14	41	401
14	42	876
14	43	873
14	44	793
14	45	338
14	46	34
14	47	27
14	48	725
14	49	471
14	50	1032
14	51	1051
14	52	1100
14	53	929
15	1	503
15	2	385
15	3	254
15	4	638
15	5	520
15	6	244
15	7	678
15	8	316
15	9	492
15	10	477
15	11	521
15	12	175
15	13	484
15	14	649
15	15	111
15	16	76
15	17	712
15	18	1025
15	19	398
15	20	927
15	21	664
15	22	557
15	23	75
15	24	514
15	25	191
15	26	379
15	27	818
15	28	163
15	29	1197
15	31	838
15	32	1008
15	33	57
15	34	1011
15	35	146
15	36	106
15	37	131
15	38	456
15	39	444
15	40	426
15	41	78
15	42	208
15	43	144
15	44	330
15	45	202
15	46	258
15	47	200
15	48	167
15	49	32
15	50	531
15	51	1178
15	52	636
15	53	942
15	54	342
15	55	1124
15	56	1044
15	57	1266
16	1	391
16	2	212
16	3	401
16	4	473
16	5	152
16	6	529
16	7	362
16	8	143
16	9	17
16	10	228
16	11	574
16	12	228
16	13	400
16	14	460
16	15	182
16	16	125
16	17	122
16	18	668
16	19	694
16	20	607
16	21	480
16	22	607
16	23	589
16	24	549
16	25	27
16	26	345
16	27	70
16	28	15
16	29	353
16	30	217
16	31	723
16	32	193
16	33	600
16	34	483
16	35	777
16	36	198
16	37	195
16	38	314
16	39	229
16	40	86
16	41	492
16	42	285
16	43	156
16	44	176
16	45	161
16	46	214
16	47	207
16	48	167
16	49	158
16	50	88
16	51	394
16	52	408
16	53	24
16	54	72
16	55	134
16	56	94
16	57	556
16	58	276
16	59	117
16	60	583
16	61	541
16	62	632
16	63	21
16	64	17
16	65	137
16	66	276
16	67	328
17	1	530
17	2	516
17	3	20
17	4	24
17	5	264
17	6	550
17	7	157
17	8	250
17	9	433
17	10	311
17	11	470
17	12	490
17	13	347
17	14	429
17	15	21
17	16	705
17	17	404
17	18	149
17	19	430
17	20	590
17	21	218
17	22	576
17	23	317
17	24	177
17	25	363
17	26	407
17	27	457
17	28	107
17	29	345
17	30	291
17	31	9
17	32	677
17	33	434
17	34	91
17	35	540
17	36	378
17	37	454
17	38	555
17	39	394
17	40	359
17	41	94
17	42	281
17	43	491
17	44	491
17	45	151
17	46	501
17	47	154
17	48	140
17	49	398
17	50	391
17	51	101
17	52	92
17	53	64
17	54	55
17	55	76
17	56	69
17	57	86
17	58	657
17	59	85
17	60	149
17	61	207
17	62	413
17	63	299
17	64	273
17	65	24
17	66	48
17	67	219
17	68	35
17	69	66
17	70	766
17	71	166
17	72	106
17	73	481
17	74	95
17	75	171
17	76	427
18	1	180
18	2	143
18	3	17
18	4	424
18	5	580
18	6	174
18	7	208
18	8	513
18	9	332
18	10	121
18	11	362
18	12	582
18	13	557
18	14	17
18	15	404
18	16	36
18	17	339
18	18	96
18	19	132
18	20	89
18	21	160
18	22	146
18	23	74
18	24	126
18	25	570
18	26	531
18	27	516
18	28	452
18	29	678
18	30	797
18	31	153
18	32	86
18	33	141
18	34	90
18	35	247
18	36	106
18	37	72
18	38	214
18	39	94
18	40	76
18	41	204
18	42	76
18	43	300
18	44	72
18	45	174
18	46	629
18	47	367
18	48	540
18	49	658
18	50	727
18	51	462
18	52	506
18	53	145
18	54	111
18	55	452
18	56	220
18	57	101
18	58	113
18	59	197
18	60	90
18	61	141
18	62	120
18	63	234
18	64	228
18	65	185
18	66	197
18	67	235
18	68	210
18	69	279
18	70	61
18	71	65
18	72	126
18	73	168
18	74	63
18	75	65
18	76	119
18	77	105
18	78	340
18	79	116
18	80	309
18	81	98
18	82	72
18	83	163
18	84	499
18	85	626
18	86	33
18	87	297
19	1	1042
19	2	94
19	3	63
19	4	913
19	5	58
19	6	162
19	7	160
19	8	762
19	9	390
19	10	874
19	11	265
19	12	108
19	13	306
19	14	322
19	15	955
19	16	131
19	17	706
19	18	645
19	19	410
19	20	5
19	21	811
19	22	46
19	23	703
19	24	946
19	25	535
19	26	595
19	27	381
19	28	619
19	29	150
19	30	128
19	31	123
19	32	100
19	33	109
19	34	32
19	35	1376
19	36	365
19	37	640
19	38	693
19	39	258
19	40	980
19	41	628
19	42	312
19	43	760
19	44	835
19	45	22
19	46	493
19	47	949
19	48	402
19	49	413
19	50	856
19	51	957
19	52	891
19	53	526
19	54	787
19	55	292
19	56	1053
19	57	394
19	58	935
19	59	720
19	60	31
19	61	32
19	62	670
19	63	1178
20	1	464
20	2	974
20	3	481
20	4	36
20	5	285
20	6	464
20	7	419
20	8	523
20	9	593
20	10	562
20	11	670
20	12	184
20	13	423
20	15	601
20	16	385
20	17	366
20	18	268
20	19	44
20	20	27
20	21	69
20	22	345
20	23	292
20	24	160
20	25	60
20	26	610
20	27	751
20	28	814
20	29	613
20	30	465
20	31	507
20	32	720
20	33	686
20	34	452
20	35	36
20	36	45
20	37	579
20	38	488
20	39	46
20	40	68
20	41	845
20	42	740
20	43	288
20	44	466
20	45	16
20	46	60
20	47	130
20	48	808
20	49	737
20	50	147
20	52	166
20	53	161
20	54	292
20	55	172
20	56	731
20	57	313
20	58	37
20	59	713
20	60	18
20	61	524
20	62	356
20	63	651
20	64	724
20	65	94
20	66	737
21	1	535
21	2	698
21	3	633
21	4	110
21	5	300
21	6	91
21	7	103
21	8	204
21	9	18
21	10	173
21	11	373
21	12	88
21	13	90
21	14	72
21	15	77
21	16	95
21	17	135
21	18	908
21	19	232
21	20	567
21	21	157
21	22	10
21	23	519
21	24	496
21	25	468
21	26	756
21	27	503
21	28	63
21	29	92
21	30	71
21	31	116
21	32	638
21	33	370
21	34	356
21	35	28
21	36	131
21	37	263
21	38	136
21	39	665
21	40	20
21	41	81
21	42	100
21	43	38
21	44	551
21	45	396
21	46	369
21	47	512
21	48	284
21	49	518
21	50	624
21	51	914
21	52	618
21	53	285
21	54	398
21	55	378
21	56	325
21	57	356
21	58	434
21	59	388
21	60	288
21	61	438
21	62	539
21	63	164
21	64	115
21	65	612
22	1	637
22	2	436
22	3	493
22	4	561
22	5	70
22	6	116
22	7	385
22	8	475
22	9	218
22	10	433
22	11	713
22	12	384
22	13	204
22	14	78
22	15	154
22	16	34
22	17	520
22	18	378
22	19	725
22	20	148
22	21	152
22	22	167
22	23	215
22	24	484
22	25	487
22	26	311
22	27	296
22	28	262
22	29	366
22	30	152
22	31	635
22	32	418
22	33	291
22	34	178
22	35	110
22	36	161
22	37	363
22	38	476
22	39	542
22	40	803
22	41	568
22	42	305
22	43	126
22	44	132
22	45	270
22	46	810
22	47	132
22	48	1016
22	49	106
22	50	801
22	51	246
22	52	388
22	53	504
22	54	396
22	55	273
22	56	156
22	57	169
22	58	72
22	59	295
22	60	746
22	61	195
22	62	129
22	63	164
22	64	213
23	1	572
23	2	452
23	3	389
23	4	84
23	5	542
23	6	366
23	7	358
23	8	187
23	9	136
23	10	143
23	11	151
23	12	110
23	13	236
23	14	397
23	15	563
23	16	785
23	17	595
23	18	760
23	19	149
23	20	115
23	21	237
23	22	369
23	23	299
23	24	570
23	25	452
23	26	556
23	27	375
23	28	248
23	29	682
23	30	513
23	31	603
23	32	41
23	33	123
23	34	75
23	35	490
23	36	590
23	37	104
23	38	104
23	39	642
23	40	301
23	41	511
23	42	293
23	43	454
23	44	91
23	45	481
23	46	392
23	47	148
23	48	201
23	49	115
23	50	471
23	51	584
24	1	85
24	2	469
24	3	155
24	4	189
24	5	157
24	6	359
24	7	98
24	8	325
24	9	522
24	10	500
24	11	731
24	12	630
24	13	101
24	14	168
24	15	13
24	16	73
24	17	395
24	18	612
24	19	638
24	20	621
24	21	382
24	22	729
24	23	314
24	24	332
24	25	245
24	26	428
24	27	274
24	28	57
24	29	234
24	30	212
24	31	754
24	32	425
24	33	280
24	34	38
24	35	612
24	36	717
24	37	98
24	38	488
24	39	271
24	40	516
24	41	558
24	42	739
24	43	98
24	44	377
24	45	105
24	46	854
24	47	681
24	48	187
24	49	218
24	50	37
24	51	515
24	52	144
24	53	592
24	54	420
24	55	68
25	1	1022
25	2	207
25	3	146
25	4	134
25	5	93
25	6	100
25	7	233
25	8	637
25	9	382
25	10	825
25	11	440
25	12	559
25	13	548
25	14	235
25	15	495
25	16	347
25	17	424
25	18	999
25	19	27
25	20	582
25	21	368
25	22	168
25	23	153
25	24	142
25	25	766
25	26	698
25	27	43
25	28	797
25	29	912
25	30	823
25	31	527
25	32	693
25	33	448
25	34	693
25	35	588
25	36	576
25	37	22
25	38	536
25	39	975
25	40	635
25	41	923
25	42	693
25	43	426
25	44	72
25	45	24
25	46	431
25	47	327
25	48	756
25	49	536
25	50	213
25	51	120
25	52	78
25	53	615